R_rel_list_SuperGlue >>> 

[[ 9.99998232e-01  1.50458699e-03 -1.12785969e-03]
 [-1.50349299e-03  9.99998399e-01  9.70202695e-04]
 [ 1.12931764e-03 -9.68505251e-04  9.99998893e-01]]



[[ 9.99991069e-01  6.90469574e-04 -4.16959656e-03]
 [-6.80573369e-04  9.99996950e-01  2.37437297e-03]
 [ 4.17122328e-03 -2.37151405e-03  9.99988488e-01]]



[[ 9.99980509e-01  3.23809807e-04 -6.23512605e-03]
 [-2.91935970e-04  9.99986890e-01  5.11221136e-03]
 [ 6.23669969e-03 -5.11029146e-03  9.99967494e-01]]



[[ 0.99992914 -0.00173997 -0.01177649]
 [ 0.00177881  0.99999301  0.00328801]
 [ 0.01177068 -0.00330873  0.99992525]]



[[ 9.99882752e-01 -1.54676764e-03 -1.52344886e-02]
 [ 1.55531566e-03  9.99998640e-01  5.49264439e-04]
 [ 1.52336183e-02 -5.72894478e-04  9.99883798e-01]]



[[ 9.99906239e-01 -2.56754292e-03 -1.34506941e-02]
 [ 2.57843939e-03  9.99996362e-01  7.92825257e-04]
 [ 1.34486095e-02 -8.27432720e-04  9.99909221e-01]]



[[ 0.99982601 -0.00236549 -0.01850295]
 [ 0.00242191  0.99999248  0.00302731]
 [ 0.01849565 -0.00307159  0.99982422]]



[[ 0.99969238 -0.00214424 -0.02470934]
 [ 0.00221748  0.99999323  0.00293706]
 [ 0.02470287 -0.00299095  0.99969036]]



[[ 0.99967656 -0.00708024 -0.02442615]
 [ 0.0071448   0.99997121  0.00255642]
 [ 0.02440735 -0.00273011  0.99969837]]



t_rel_list_SuperGlue >>> 

[-0.01276895  0.0055245  -0.99990321]



[ 0.02631453  0.0051963  -0.99964021]



[-0.00360312 -0.0141021  -0.99989407]



[ 0.01535632 -0.00308477 -0.99987733]



[ 0.03468637  0.00352522 -0.99939203]



[ 4.88197256e-03  2.64531402e-04 -9.99988048e-01]



[ 0.00673523 -0.00399377 -0.99996934]



[ 0.03343195 -0.00182986 -0.99943932]



[ 0.00166053 -0.00367557 -0.99999187]



R_rel_list_cv2 >>> 

[[ 0.92557023  0.01160339  0.37839809]
 [-0.00904315  0.99992262 -0.00854238]
 [-0.37846793  0.00448466  0.92560354]]



[[ 0.99063532  0.01843584  0.1352841 ]
 [-0.03310743  0.99370591  0.10701615]
 [-0.13245967 -0.11049288  0.98501054]]



[[ 0.99485251 -0.0326213  -0.09593921]
 [ 0.00526261  0.96212161 -0.27256984]
 [ 0.10119677  0.2706619   0.95734077]]



[[ 0.83724941 -0.22856778  0.4967597 ]
 [-0.45060857 -0.80304002  0.38997263]
 [ 0.30978274 -0.55034853 -0.77533938]]



[[ 0.99265063  0.04180377 -0.11356572]
 [-0.01477174  0.97327908  0.22914981]
 [ 0.12011046 -0.22578814  0.9667436 ]]



[[ 0.95234074 -0.16220752 -0.25833278]
 [-0.05702314  0.73729289 -0.67316236]
 [ 0.29965892  0.65581089  0.69290448]]



[[ 0.96376722 -0.04794954 -0.26239967]
 [-0.09945372  0.848187   -0.52027663]
 [ 0.24751101  0.52752218  0.81268607]]



[[ 0.99849873 -0.02863777  0.04669226]
 [ 0.02947593  0.99941469 -0.01736215]
 [-0.04616771  0.01871239  0.99875842]]



[[ 0.62499131 -0.00470962 -0.7806175 ]
 [-0.01535141  0.99971427 -0.01832238]
 [ 0.78048074  0.02343491  0.62474044]]



t_rel_list_cv2 >>> 

[[-0.96857832]
 [ 0.02546481]
 [ 0.24740165]]



[[-0.54362482]
 [-0.49046261]
 [-0.68111561]]



[[ 0.30935212]
 [ 0.94916636]
 [-0.05817638]]



[[-0.31459094]
 [-0.31775972]
 [ 0.89446146]]



[[ 0.36944043]
 [-0.80232926]
 [-0.46880862]]



[[0.31989951]
 [0.89290337]
 [0.31684046]]



[[0.41602846]
 [0.88962865]
 [0.1883645 ]]



[[-0.41483936]
 [ 0.12272441]
 [-0.90158029]]



[[0.90959642]
 [0.02171535]
 [0.41492504]]



