R_rel_list_SuperGlue >>> 

[[ 1.00000000e+00 -1.10725503e-12 -1.24703798e-12]
 [ 1.10727635e-12  1.00000000e+00  7.89646124e-13]
 [ 1.24709273e-12 -7.89590618e-13  1.00000000e+00]]

[[ 9.99988273e-01  1.71073457e-03  4.53069192e-03]
 [-1.70984958e-03  9.99998518e-01 -1.99198285e-04]
 [-4.53102599e-03  1.91449147e-04  9.99989717e-01]]

[[ 9.99989842e-01 -8.62328093e-04 -4.42405452e-03]
 [ 8.62639411e-04  9.99999626e-01  6.84617649e-05]
 [ 4.42399383e-03 -7.22774332e-05  9.99990211e-01]]

[[ 1.00000000e+00 -3.82100022e-16 -3.34337519e-16]
 [ 1.00301256e-15  1.00000000e+00  1.19406257e-16]
 [-1.36971842e-15  2.46275405e-17  1.00000000e+00]]

[[ 1.00000000e+00 -1.47838535e-17  3.54812484e-17]
 [ 1.47838535e-17  1.00000000e+00 -2.83849987e-16]
 [-3.54812484e-17 -3.84380191e-17  1.00000000e+00]]

[[ 9.99970824e-01  8.20217339e-04  7.59468778e-03]
 [-8.20289043e-04  9.99999664e-01  6.32641492e-06]
 [-7.59468004e-03 -1.25560695e-05  9.99971160e-01]]

[[ 1.00000000e+00  2.37322052e-16 -3.95536753e-15]
 [-2.37322052e-16  1.00000000e+00 -1.97768377e-16]
 [ 3.95536753e-15  1.03828398e-16  1.00000000e+00]]

[[ 1.00000000e+00 -2.13370928e-16 -1.18539404e-16]
 [-4.74157617e-16  1.00000000e+00  2.37078809e-16]
 [ 1.18539404e-16 -2.14852670e-17  1.00000000e+00]]

t_rel_list_SuperGlue >>> 

[ 1.00000000e+00 -2.97417875e-11  8.82201194e-11]

[-0.96185441 -0.04715638 -0.26946682]

[-0.46740038 -0.19979079 -0.86117392]

[ 1.00000000e+00  0.00000000e+00 -4.76085611e-15]

[ 1.00000000e+00 -6.27722419e-15 -4.37010709e-14]

[-0.83650521  0.07822685  0.54234638]

[1.00000000e+00 8.54359387e-15 8.84815717e-14]

[1.00000000e+00 1.08230179e-30 5.00828983e-15]

R_rel_list_cv2 >>> 

[[ 1.00000000e+00  3.78728156e-13  4.27157230e-13]
 [-3.78728156e-13  1.00000000e+00 -2.69728684e-13]
 [-4.27157230e-13  2.69728684e-13  1.00000000e+00]]

[[ 9.99988273e-01  1.71073457e-03  4.53069192e-03]
 [-1.70984958e-03  9.99998518e-01 -1.99198285e-04]
 [-4.53102599e-03  1.91449147e-04  9.99989717e-01]]

[[ 9.99989842e-01 -8.62328093e-04 -4.42405452e-03]
 [ 8.62639411e-04  9.99999626e-01  6.84617649e-05]
 [ 4.42399383e-03 -7.22774332e-05  9.99990211e-01]]

[[ 1.00000000e+00 -2.38812514e-16 -6.68675038e-16]
 [ 2.38812514e-16  1.00000000e+00 -9.55250054e-17]
 [ 6.68675038e-16  4.85087918e-17  1.00000000e+00]]

[[ 1.00000000e+00  8.27895795e-17  1.65579159e-16]
 [-8.27895795e-17  1.00000000e+00 -3.78466649e-16]
 [-5.59130513e-16  4.13947898e-17  1.00000000e+00]]

[[ 9.99970824e-01  8.20217339e-04  7.59468778e-03]
 [-8.20289043e-04  9.99999664e-01  6.32641492e-06]
 [-7.59468004e-03 -1.25560695e-05  9.99971160e-01]]

[[ 1.00000000e+00 -1.55841481e-14  2.13431632e-13]
 [ 1.55047605e-14  1.00000000e+00 -1.54598556e-14]
 [-2.14062962e-13  1.54598556e-14  1.00000000e+00]]

[[ 1.00000000e+00  5.92697022e-18  2.66713660e-16]
 [-5.92697022e-18  1.00000000e+00  1.42247285e-16]
 [-2.66713660e-16  3.88957420e-17  1.00000000e+00]]

[[ 1.00000000e+00  7.72749588e-11  2.36018655e-10]
 [ 7.72765751e-11 -1.00000000e+00  2.40252267e-13]
 [ 2.36017569e-10 -2.40252258e-13 -1.00000000e+00]]

t_rel_list_cv2 >>> 

[[ 1.00000000e+00]
 [ 1.01731349e-11]
 [-3.01477170e-11]]

[[-0.96185441]
 [-0.04715638]
 [-0.26946682]]

[[-0.46740038]
 [-0.19979079]
 [-0.86117392]]

[[ 1.00000000e+00]
 [-9.55250054e-17]
 [-1.12241881e-14]]

[[1.00000000e+00]
 [8.27895795e-16]
 [4.55016925e-15]]

[[-0.83650521]
 [ 0.07822685]
 [ 0.54234638]]

[[ 1.00000000e+00]
 [-5.10598675e-13]
 [-4.97288430e-12]]

[[1.00000000e+00]
 [1.55286620e-15]
 [1.12375355e-14]]

[[1.00000000e+00]
 [3.94030748e-11]
 [1.19584752e-10]]

