R_rel_list_SuperGlue >>> 

[[ 1.00000000e+00 -1.10725503e-12 -1.24703798e-12]
 [ 1.10727635e-12  1.00000000e+00  7.89646124e-13]
 [ 1.24709273e-12 -7.89590618e-13  1.00000000e+00]]



[[ 9.99943890e-01  1.05819022e-02  4.90363575e-04]
 [-1.05814062e-02  9.99943512e-01 -1.00340787e-03]
 [-5.00953839e-04  9.98162837e-04  9.99999376e-01]]



[[ 9.99989842e-01 -8.62328093e-04 -4.42405452e-03]
 [ 8.62639411e-04  9.99999626e-01  6.84617649e-05]
 [ 4.42399383e-03 -7.22774332e-05  9.99990211e-01]]



[[ 1.00000000e+00 -3.82100022e-16 -3.34337519e-16]
 [ 1.00301256e-15  1.00000000e+00  1.19406257e-16]
 [-1.36971842e-15  2.46275405e-17  1.00000000e+00]]



[[ 1.00000000e+00 -1.47838535e-17  3.54812484e-17]
 [ 1.47838535e-17  1.00000000e+00 -2.83849987e-16]
 [-3.54812484e-17 -3.84380191e-17  1.00000000e+00]]



[[ 9.99944769e-01  2.19012428e-03  1.02792093e-02]
 [-2.19050734e-03  9.99997600e-01  2.60064069e-05]
 [-1.02791276e-02 -4.85216538e-05  9.99947167e-01]]



[[ 1.00000000e+00  2.37322052e-16 -3.95536753e-15]
 [-2.37322052e-16  1.00000000e+00 -1.97768377e-16]
 [ 3.95536753e-15  1.03828398e-16  1.00000000e+00]]



[[ 9.94659084e-01 -2.15259048e-02 -1.00945245e-01]
 [ 2.15828921e-02  9.99766923e-01 -5.27691481e-04]
 [ 1.00933076e-01 -1.65381719e-03  9.94891843e-01]]



t_rel_list_SuperGlue >>> 

[ 1.00000000e+00 -2.97417875e-11  8.82201194e-11]



[-0.54459227 -0.12436542 -0.82942902]



[-0.46740038 -0.19979079 -0.86117392]



[ 1.00000000e+00  0.00000000e+00 -4.76085611e-15]



[ 1.00000000e+00 -6.27722419e-15 -4.37010709e-14]



[-0.91805353 -0.09305136 -0.38538185]



[1.00000000e+00 8.54359387e-15 8.84815717e-14]



[0.98393287 0.03341231 0.17538448]



R_rel_list_cv2 >>> 

[[ 0.99930232 -0.00615777 -0.03683681]
 [ 0.0064172   0.99995541  0.00692849]
 [ 0.0367925  -0.00716005  0.99929728]]



[[ 0.63030995 -0.39067458 -0.67088206]
 [ 0.06025156  0.88616638 -0.45943324]
 [ 0.77400201  0.24916365  0.58209824]]



[[ 0.97782213  0.05311132  0.20259088]
 [-0.03684382  0.99584802 -0.08324218]
 [-0.20617083  0.07393183  0.97571906]]



[[ 1.00000000e+00 -3.82100022e-16 -3.34337519e-16]
 [ 1.00301256e-15  1.00000000e+00  1.19406257e-16]
 [-1.36971842e-15  2.46275405e-17  1.00000000e+00]]



[[ 9.99993366e-01 -2.65709016e-03  2.49148611e-03]
 [ 2.65662510e-03  9.99996453e-01  1.89950967e-04]
 [-2.49198199e-03 -1.83330762e-04  9.99996878e-01]]



[[ 9.99966551e-01 -1.16522966e-03  8.09567434e-03]
 [ 1.16479124e-03  9.99999320e-01  5.88690912e-05]
 [-8.09573743e-03 -4.94373515e-05  9.99967228e-01]]



[[ 1.00000000e+00  2.37322052e-16 -3.95536753e-15]
 [-2.37322052e-16  1.00000000e+00 -1.97768377e-16]
 [ 3.95536753e-15  1.03828398e-16  1.00000000e+00]]



[[ 0.96139486 -0.26202672 -0.08403527]
 [ 0.09769904  0.61052757 -0.78594592]
 [ 0.25724468  0.7473942   0.61255782]]



[[ 1.00000000e+00  1.96833022e-10  6.01553598e-10]
 [ 1.96832999e-10 -1.00000000e+00  6.05474034e-13]
 [ 6.01553337e-10 -6.05487853e-13 -1.00000000e+00]]



t_rel_list_cv2 >>> 

[[ 0.90830332]
 [-0.21027808]
 [-0.36161888]]



[[0.83684571]
 [0.49739125]
 [0.2286727 ]]



[[-0.86003022]
 [ 0.38607203]
 [ 0.33361117]]



[[ 1.00000000e+00]
 [ 0.00000000e+00]
 [-4.76085611e-15]]



[[0.25346576]
 [0.23080875]
 [0.93940536]]



[[-0.23700177]
 [ 0.13556492]
 [ 0.96200432]]



[[1.00000000e+00]
 [8.54359387e-15]
 [8.84815717e-14]]



[[0.19242751]
 [0.96462798]
 [0.18017911]]



[[1.00000000e+00]
 [1.00362246e-10]
 [3.04798022e-10]]



